COORD: 0.07844197998377063
EXT: 0.06504065040650407
PRD: 0.2235294117647059
XPRD: 0.15789473684210525
ROOT: 0.0
TPC: 0.9777777777777777
H: 0.0
PRP: 0.06720647773279352
MNR: 0.2618421052631579
XMNR: 1.0
DOB: 3.407445267910384E-4
X: 0.6964285714285714
IOB: 0.0
AMOD: 0.10434581866451204
LOC: 0.10775265343793262
SUB: 0.9393477985027281
POB: 0.0
VMOD: 0.005881488016468166
XMDP: 0.9811320754716981
VOC: 0.25757575757575757
DIR: 0.010917030567685589
DEP: 0.4034991798797157
NMOD: 0.00224018700691536
DET: 0.7320549804853216
RMOD: 0.46644308699644665
TMP: 0.5966981132075472
XTMP: 0.8181818181818182
CONJ: 0.03525098702763677
PMOD: 0.017294388931591083
CND: 0.8461538461538461
CNC: 0.7142857142857143